357384
370399
371844
375147
383918
383977
383989
384085
384122
384200
384780
386793
396291
396295
396298
396302
396309
396316
396318
396324
396328
396336
396342
396346
396360
396361
396363
396368
396371
396374
396376
396378
396395
396404
396408
396412
396418
396419
396422
396426
396427
396429
396430
396431
396440
396447
396456
396459
396463
396466
396468
396485
396506
399893
401922
403152
407214
407221
407232
407242
407297
407304
407317
411201
416052
416058
416059
416084
416092
416107
416135
416196
416204
421806
421809
